<?xml version="1.0"?>
<opencv_storage>
    <p_0 type_id="opencv-matrix">
        <rows>3</rows>
        <cols>4</cols>
        <dt>f</dt>
        <data>
            1.0806613e+03 -4.7444711e+02  2.3030601e+00  7.1104028e+02  2.4545158e+02  1.7619354e+02 -1.0863530e+03  1.9606340e+03  7.5886297e-01  6.4966398e-01 -4.5434002e-02  2.6245110e+00
        </data>
    </p_0>

    <p_1 type_id="opencv-matrix">
        <rows>3</rows>
        <cols>4</cols>
        <dt>f</dt>
        <data>
            5.0294315e+02 -1.1063680e+03 -7.6930928e+00  2.1185640e+03  3.4438477e+02 -1.3377553e+01 -1.0972177e+03  2.2721013e+03  9.9942601e-01 -1.6967000e-02 -2.9322000e-02  3.5439429e+00
        </data>
    </p_1>

    <p_2 type_id="opencv-matrix">
        <rows>3</rows>
        <cols>4</cols>
        <dt>f</dt>
        <data>
            -6.1576434e+02 -1.0767830e+03 -2.4449689e+02  2.5245615e+03 -2.2874922e+02  1.9112199e+02 -1.1355707e+03  2.2416606e+03  4.8858601e-01 -6.8241000e-01 -5.4369098e-01  3.8939791e+00
        </data>
    </p_2>

    <p_3 type_id="opencv-matrix">
        <rows>3</rows>
        <cols>4</cols>
        <dt>f</dt>
        <data>
            -1.1466963e+03 -2.7691449e+02 -1.7050095e+02  2.2911968e+03  1.6893785e+01 -1.6606709e+02 -1.1178386e+03  2.1393958e+03 -2.2014999e-01 -9.5177901e-01 -2.1366300e-01  3.7602489e+00
        </data>
    </p_3>

    <p_4 type_id="opencv-matrix">
        <rows>3</rows>
        <cols>4</cols>
        <dt>f</dt>
        <data>
            -6.8636841e+02  9.7105865e+02 -1.4704465e+02  2.5762085e+03 -9.0658463e+01 -5.1368141e+01 -1.1344396e+03  1.9944412e+03 -9.5289600e-01 -1.9546600e-01 -2.3190799e-01  4.0388141e+00
        </data>
    </p_4>


</opencv_storage>
